1.6363636364 -0.0823863636
2.1818181818 0.9318181818
3.7878787879 1.3191287879
4.5757575758 0.5757575758
4.8484848485 -0.4015151515
3.9393939394 -1.4356060606
2.6363636364 -1.2698863636

0.3939393939 8.9564393939
-0.1818181818 5.0056818182
-0.8787878788 0.0274621212
0.1818181818 -5.8181818182
0.5757575758 -9.4867424242

-2.5454545455 1.1107954545
-2.3939393939 -0.2376893939
-2.3030303030 -1.3655303030

-3.2424242424 5.0075757576
-3.6363636364 2.5511363636
-3.6060606061 0.1126893939
-3.1212121212 -2.6524621212
-2.5757575758 -4.8570075758

-2.5151515152 7.6723484848
-3.8787878788 6.8087121212
-6.9090909091 3.9971590909
-8.8787878788 0.6524621212
-7.4242424242 -3.1429924242
-5.7878787879 -5.1316287879
-3.1818181818 -7.5255681818
-2.4242424242 -7.6742424242

