3.3611111111  0.6666666667
3.0434027778  0.0416666667
3.3454861111  -0.7083333333
4.0381944444  -1.0833333333
5.3038194444  -0.7083333333
5.7986111111  0.1666666667
4.9600694444  1.0416666667
4.1319444444  1.1666666667
3.3611111111  0.6666666667

0.2552083333  7.1250000000
0.2100694444  5.0416666667
0.0451388889  3.0833333333
0.0017361111  1.0416666667
-0.0399305556  0.0416666667
-0.0833333333  -1.0000000000
-0.0052083333  -2.1250000000
-0.0468750000  -3.1250000000    
-0.0520833333  -4.2500000000
-0.1805555556  -6.3333333333

14.5364583333  -6.1250000000
11.4548611111  -6.0833333333
8.2968750000  -4.8750000000
4.0607638889  -3.5416666667
1.7517361111  0.0416666667
4.2447916667  3.8750000000
8.4114583333  4.8750000000
11.6718750000  6.1250000000

-3.1684027778  -0.0416666667
-3.3211805556  -0.7083333333
-4.1822916667  -1.3750000000
-5.4201388889  -1.0833333333
-5.9652777778  -0.1666666667
-5.3090277778  0.5833333333
-4.1684027778  0.9583333333
-3.4687500000  0.7500000000
-3.1684027778  -0.0416666667

-2.1684027778  -0.0416666667
-2.6527777778  1.3333333333
-4.1336805556  2.7916666667
-6.4097222222  3.1666666667
-8.3472222222  2.6666666667
-9.7673611111  1.5833333333
-10.5885416667  -0.1250000000
-9.7586805556  -2.2083333333
-8.0208333333  -3.5000000000
-6.6840277778  -3.4166666667
-4.3350694444  -3.0416666667
-2.9131944444  -1.9166666667
-2.1684027778  -0.0416666667


