-1.1357466063 9.6923076923
-1.2533936652 8.6923076923
-1.1289592760 7.8076923077
-1.1244343891 6.8846153846
-0.9411764706 6.0000000000
-0.7081447964 4.9615384615
-0.4751131222 3.9230769231
-0.4751131222 2.9230769231
-0.4728506787 1.9615384615
-0.2375565611 0.9615384615
-0.4728506787 -0.0384615385
-0.7104072398 -1.0769230769
-0.6968325792 -2.8461538462
-0.6742081448 -4.4615384615
-0.7036199095 -5.9615384615
-0.7307692308 -7.4230769231
-0.7918552036 -8.4615384615
-0.6990950226 -9.8846153846

1.7285067873 4.3846153846
2.8257918552 4.0384615385
3.7330316742 3.4615384615
4.5316742081 3.0384615385
5.3529411765 2.0000000000
5.6493212670 1.0384615385
5.7081447964 0.0384615385
5.4773755656 -0.8846153846
5.1221719457 -1.9230769231
4.2375565611 -2.9615384615
3.6176470588 -3.5000000000
2.5791855204 -4.153846153 
0.9524886878 -2.8076923077
1.0022624434 -1.9615384615
1.0000000000 -1.0000000000
1.1518350930 3.8311965812
1.0889894419 2.7628205128
1.0748491704 1.8279914530
1.1047008547 0.9465811966
1.0088612368 0.0117521368

1.0068257919 4.5260384615
1.8191674208 4.8268461538
4.8385045249 4.9635769231
8.2455135747 4.5807307692
11.2149841629 3.8697307692
13.8257375566 2.0375384615
14.2150180995 0.1233076923
13.2820316742 -1.5174615385
12.0031968326 -2.6386538462
10.4026425339 -3.5410769231
7.7178936652 -4.3888076923
5.9403936652 -4.7443076923
4.1355475113 -4.8536923077
2.3451787330 -4.7169615385
0.5885904977 -4.0059615385
0.3521266968 -3.0488461538
0.3730384615 -1.9823461538
0.5564185520 -0.9978846154
0.4454253394 -0.0407692308
0.5001176471 0.8890000000
0.5178122172 1.9008076923
0.5757217195 2.8852692308
0.5885904977 3.8150384615

-2.9824954751 4.2525769231
-2.3261877828 4.0338076923
-2.4291380090 2.9946538462
-2.3615769231 2.0101923077
-2.3840972851 0.9163461538
-2.3921402715 0.0686153846
-2.5867805430 -1.1072692308
-2.5176108597 -2.0643846154
-2.4452239819 -2.9668076923
-2.5079592760 -4.0333076923
-3.4682918552 -4.7169615385
-4.5685723982 -4.2247307692
-5.2441832579 -3.6231153846
-5.8683190045 -2.8574230769
-6.8222171946 -2.0096923077
-7.0956787330 -0.9705384615
-7.2098891403 -0.0681153846
-6.7144411765 1.2445000000
-5.7492828054 2.7211923077
-4.2999366516 3.8970769231

-8.7251877828 9.0108076923
-8.7251877828 9.0108076923
-6.6066651584 7.3426923077
-4.5766153846 6.3035384615
-2.8747194570 5.3737692308
-1.7905248869 4.6080769231
-1.3240316742 4.0064615385
-1.3063371041 2.8852692308
-1.1068710407 2.0101923077
-1.2516447964 0.9710384615
-1.2275158371 -0.0407692308
-1.4559366516 -1.0799230769
-1.4704140271 -2.0370384615
-1.4044615385 -3.0488461538
-1.5524524887 -4.1426923077
-2.1540678733 -5.1271538462
-3.3476470588 -6.2210000000
-4.6666968326 -7.3148461538
-6.3219434389 -8.4360384615
-7.3836176471 -9.4205000000
-8.1573529412 -10.4870000000

