-0.4243856333 9.4782608696
-0.4456521739 8.5000000000
-0.3563327032 7.6086956522
-0.3109640832 6.6956521739
-0.2216446125 5.8043478261
-0.0463137996 4.8695652174
0.1275992439 3.8695652174
0.1488657845 2.8478260870
0.1715500945 1.8913043478
0.3473534972 0.9782608696
0.1956521739 0.0000000000
0.0860113422 -1.0434782609
0.0921550095 -2.7608695652
0.1011342155 -4.3478260870
0.1346880907 -5.8043478261
0.1257088847 -7.2173913043
0.1242911153 -8.2826086957
0.2263705104 -9.5869565217

1.1904536862 3.7608695652
1.5278827977 4.2826086957
2.2169187146 3.9782608696
2.8128544423 3.3913043478
3.4125708885 2.9782608696
3.8681474480 1.9347826087
4.0879017013 1.0434782609
4.1323251418 0.0869565217
4.0250472590 -0.8478260870
3.7854442344 -1.8695652174
3.2424385633 -2.8478260870
2.8610586011 -3.3913043478
2.2173913043 -4.0000000000
1.1361058601 -2.7391304348
1.1980151229 -1.8913043478
1.1739130435 -1.0000000000
1.1526465028 0.0217391304
1.1724952741 0.9347826087
1.1483931947 1.8260869565
1.1460302457 2.7173913043
1.2429111531 -3.8260869565

1.0094517958 4.4347826087
1.6034971645 4.7608695652
3.4749527410 4.8478260870
5.7065217391 4.5000000000
7.5817580340 3.7608695652
9.3038752363 1.9782608696
9.5680529301 0.1304347826
9.0108695652 -1.5000000000
8.1833648393 -2.5652173913
7.1862003781 -3.4347826087
5.4943289225 -4.2608695652
4.3553875236 -4.6521739130
3.2443289225 -4.7608695652
2.0741965974 -4.5869565217
0.9579395085 -3.9347826087
0.7613421550 -2.9782608696
0.7840264650 -1.9347826087
0.7840264650 -1.9347826087
0.8700378072 -0.9782608696
0.8034026465 -0.0434782609
0.8237240076 0.8913043478
0.8015122873 1.8695652174
0.8010396975 2.8478260870
0.8204158790 3.7391304348

-1.4532136106 4.1521739130
-2.3298676749 3.8260869565
-3.2022684310 2.6956521739
-3.7991493384 1.2391304348
-4.1096408318 -0.0434782609
-4.0198487713 -0.9130434783
-3.8468809074 -1.9565217391
-3.2117202268 -2.7391304348
-2.8156899811 -3.5217391304
-2.3492438563 -4.0652173913
-1.6427221172 -4.5652173913
-1.0420604915 -3.9347826087
-0.9971644612 -2.8695652174
-1.0864839319 -1.9782608696
-1.1309073724 -1.0217391304
-1.0411153119 0.1086956522
-1.0231568998 0.9347826087
-1.0444234405 1.9565217391
-1.0883742911 2.9347826087
-1.0661625709 3.9565217391

-5.1999054820 8.8043478261
-3.8662570888 7.1521739130
-2.5184310019 6.1521739130
-1.4073724008 5.2608695652
-0.7055765595 4.5434782609
-0.4163516068 3.8478260870
-0.3936672968 2.8913043478
-0.2613421550 1.9782608696
-0.3043478261 1.0000000000
-0.3043478261 0.0000000000
-0.4125708885 -0.9782608696
-0.4135160681 -2.0217391304
-0.3908317580 -2.9782608696
-0.3922495274 -4.0434782609
-0.8043478261 -5.0000000000
-1.5018903592 -6.0869565217
-2.3728733459 -7.1521739130
-3.3534971645 -8.2608695652
-4.1134215501 -9.2173913043
-4.5921550095 -10.2391304348
